1.5605207486452617, 0.27637220683401864
1.5951131085145853, 0.2888092640534916
1.6296971985684996, 0.3209078074086955
1.6642828601055428, 0.34927014962538916
1.698864758985675, 0.38657820864747894
1.7334453591338463, 0.42697400290650744
1.7680289285603314, 0.4603103379746365
1.8026113982541077, 0.4962612875579122
1.8371933180815296, 0.5335195443987626
1.871774688042597, 0.5720851084971859
1.9063563329368418, 0.6099970189668227
1.940936053298846, 0.6524845048379682
1.9777032477621628, 0.671189054830946
2.010093569490614, 0.7420350519817651
2.04467219011991, 0.7871371523680581
2.079249161150142, 0.8361611745270707
2.1138261321803746, 0.8851851966860851
2.1484022784110755, 0.9361701797314579
2.1829773249090674, 0.9897697772919791
2.2175523714070593, 1.0433693748525013
2.252125218439634, 1.1021982014433167
2.2866975156058533, 1.162334335291706
2.3212684381061877, 1.225738737284031
2.3558404603392304, 1.2865285247612066
2.39041083297321, 1.3512402340111045
2.4249812056071898, 1.4159519432610015
2.4595518531743465, 1.480009998882112
2.4941197514097313, 1.5506045907910915
2.528689024311002, 1.617930914556137
2.563258022279096, 1.6859108919499688
2.5978256455813034, 1.7571591374877347
2.632392169150802, 1.8310219975406472
2.6669564932548835, 1.9101140866238557
2.7015183429603704, 1.9950890583661458
2.736079642799502, 2.0813713373660088
2.7706348941087358, 2.1820339961991833
2.8051873960861977, 2.2892331913202257
2.839732199934698, 2.4147346880472984
2.874268480854705, 2.560499447266766
2.909054253058666, 2.688313872218778
2.9307575082790667, 2.8581919856342592
2.9511357831747143, 3.014527257822107
2.9715129347719516, 3.173533171978998
2.9918855355705043, 3.3433586100104757
3.0106899109802945, 3.502741153163001
3.027921265381189, 3.6630823883044137
3.0435839335529487, 3.8140763765541745
3.059247206577697, 3.9636323268206044
3.074907455337497, 4.12037846700369
3.0905634701263685, 4.287190873070092
3.1062194849152394, 4.454003279136495
3.1234450932127307, 4.628005875119552
3.1406725160691913, 4.797694357152617
3.157900543778642, 4.965944801202351
3.1767034070559577, 5.128922439313204
3.197079464157309, 5.290530517439932
3.2237466548109737, 5.450563601584917
3.256702729801721, 5.6143692009589
3.2912436845857402, 5.74902184848899
3.3257950868304933, 5.858835658125179
3.3603409904117028, 5.981722540337106
3.394914387310631, 6.039244059670349
3.4294927330067497, 6.084999813685427
3.4640666797720323, 6.141214025761096
3.498657397461125, 6.157555366480767
3.5332401420880784, 6.192852662435257
3.567800617127679, 6.28109590232148
3.589790780728244, 6.344064535227947
