304.03157718662015, 1.192543013569075
309.9061066438059, 1.1886149522203535
315.7797430891664, 1.1863979015288348
320.9004082000441, 1.1777951668235431
327.0370129496005, 1.1831704079570315
331.9312510785463, 1.1822021350796066
338.2400819534181, 1.1796096225273331
342.94869765212934, 1.169656460005333
348.8663840319896, 1.1500139632565338
352.11722773680475, 1.1366058244488169
356.91529097275816, 1.1323808069011345
361.4912324007079, 1.1161762143199194
365.0550044588441, 1.1015004579835541
369.56560718824545, 1.0854662520585991
372.90172076506144, 1.0694191867633607
376.5348724002554, 1.046830720546891
379.9724097951256, 1.0239834595034603
382.5292812532174, 1.000741576534446
385.38153125604526, 0.9741379207821699
388.23526961191527, 0.9446825806012218
390.0112915299975, 0.9173256991413975
391.6229397381098, 0.8923624465780071
393.16987435595126, 0.8663718732108345
395.24082831285693, 0.8365087242963499
397.21602163503354, 0.8025951118789609
399.0280914637956, 0.7686797134379215
400.18171390673064, 0.7461639086169674
402.1533351816062, 0.719094338828391
403.83332856141186, 0.6882002970628232
405.02067708428103, 0.663574602969382
407.18873119365355, 0.6351954015719972
408.0821895248288, 0.6110797958331459
410.05105734657644, 0.5892858422376124
410.9440245212478, 0.5661112923602228
413.0138473298414, 0.5384154236115289
414.98576627532543, 0.5107755169372181
417.61077453568475, 0.48200208058604055
420.39831094824194, 0.45437110402998226
422.956283787585, 0.42901897458375093
426.2961703393627, 0.4057428892618291
430.71088592402646, 0.385900613010407
435.126159641081, 0.3649889550982329
440.51950455975447, 0.3453712713208644
446.4011781115423, 0.3277551247145175
452.2824051574175, 0.3109944834367726
458.1634833679885, 0.29451901060189445
464.04411507264683, 0.2788990430956182
469.92474677730524, 0.2632790755893417
475.80478314074674, 0.24879978185453422
481.6851171747967, 0.23375015123399212
487.56485586762983, 0.219841194384919
493.44459456046286, 0.20593223753584544
499.32358907677497, 0.19344912290110838
505.2024347577828, 0.18125117670923818
511.08083393287797, 0.16990873584596944
516.9589354373647, 0.15913663186843552
522.8364416006348, 0.1495052016623699
528.713501257992, 0.140729276784906
534.5899655741325, 0.13309402567891082
540.4662810549687, 0.12574394301578296
546.3420011945882, 0.11953453412412385
552.2168283223824, 0.11503613588966743
558.0923996266976, 0.10911189544087563
563.9667802485792, 0.10546900253502112
569.8417562116774, 0.10068543585769762
575.7159879982548, 0.09732771139471041
581.5893267730069, 0.09568099758892634
587.4632608889758, 0.09289361001167329
593.3373438402489, 0.08982105399155293
599.2106826150009, 0.08817434018576886
605.0840213897529, 0.08652762637998479
610.9570624938966, 0.08545124945993487
616.8296570921276, 0.08523037786848664
622.7044842199218, 0.08073197963403045
628.5770788181528, 0.08051110804258221
634.4496734163838, 0.08029023645113398
640.3228633558316, 0.07892869108821698
646.1954579540627, 0.07870781949676875
652.0686478935105, 0.07734627413385153
657.9410936564373, 0.07741057098527038
663.8150277724062, 0.07462318340801777
669.6877712059413, 0.07411714337370201
675.5602169688682, 0.07418144022512085
681.4337045789244, 0.0722495579764697
687.3068945183722, 0.07088801261355271
693.1793402812991, 0.07095230946497155
699.0525302207469, 0.06959076410205434
704.9251248189779, 0.06936989251060632
710.7975705819047, 0.06943418936202517
716.6701651801357, 0.06921331777057671
722.543652790192, 0.06728143552192534
728.4158008825103, 0.06791606925907878
734.289586163175, 0.06541385012469281
740.1617342554935, 0.06604848386184625
746.0350730302455, 0.06440177005606218
751.9078164637807, 0.06389573002174642
757.78070873262, 0.06310452154456381
763.6530056602426, 0.06345398683884995
769.5260467643864, 0.06237760991880004
775.3989390332258, 0.06158640144161742
781.2713847961525, 0.061650698293036266
787.1442770649919, 0.06085948981585365
793.0168716632229, 0.060638618224405416
797.4218013266347, 0.059546167091500735
